3
-1
6
1
2
5
1
0
1
0
0
1
1
0
2 2 1
1 2
2 1
200 400
100
1 2 3 4 5

                            me result
2 1 > .                      1 1
1 2 > .                      0 0
0 ! .                        0 1
11 ! .                       1 0
0 ! ! .                      0 0
1 1 & .                      1 1
1 0 | .                      1 1
1 0 1 & | ! .                1 0



1 2 dup , , .                 2 2 1  2 2 1
1 2 swap , .                    1 2  1 2
1 2 3 pop , .                   2 1  2 1
200 @a a a a + swap , .     200 400  200 400
1 0 | if:100:200 .                   100
5 loop:,                             1 2 3 4 5